 17   2  10
  0  0  0  0  0  0  0  0  0 40  0  0  0  0 88  0  0
  0  0  0  0 34  0  0 26  0  0  0 38  0  0  0  0 79
  0  0  0 14  0  0  0  0 33  0  0  0 77 30  0  0  0
  0  0 14  0  0  0  0  0  0  0  0  0  0  0 24 46  0
  0 34  0  0  0  0  0  0  0  0 88  0 44 30  0  0  0
  0  0  0  0  0  0 80  0  0  0  0  0  0  0  0  0 69
  0  0  0  0  0 80  0  0  0  0  0  0  0  0 86  0  0
  0 26  0  0  0  0  0  0  0  0 42  0  0  0  0  0  0
  0  0 33  0  0  0  0  0  0 68  0  0  0  0  0  0  0
 40  0  0  0  0  0  0  0 68  0  0  0  0  0  0 42  0
  0  0  0  0 88  0  0 42  0  0  0  0  0  0  0  0  0
  0 38  0  0  0  0  0  0  0  0  0  0  0  0  0 87  0
  0  0 77  0 44  0  0  0  0  0  0  0  0 57  0  0  0
  0  0 30  0 30  0  0  0  0  0  0  0 57  0  0  0  0
 88  0  0 24  0  0 86  0  0  0  0  0  0  0  0  0  0
  0  0  0 46  0  0  0  0  0 42  0 87  0  0  0  0  0
  0 79  0  0  0 69  0  0  0  0  0  0  0  0  0  0  0